100
91464
296924
164305
339868
774990
412710
972125
586211
993528
299433
808726
879191
907333
20337
699826
567156
406311
305871
447078
556452
732256
234024
782140
478751
893852
861814
210134
880724
178107
953854
768746
41445
948696
133008
340780
789840
897780
418389
519807
716936
945513
652145
215967
570109
933285
265215
785109
393374
715949
296969
895648
64228
573663
942935
83256
711088
404675
220600
93357
939852
170290
783790
778376
189025
449414
962984
707830
634702
164613
348346
815881
824930
992164
692515
915593
451476
989639
477037
668914
261697
706247
996358
91113
890129
220307
468175
859559
985385
652259
331608
559587
999556
519571
723018
809240
385837
36539
233453
623512
875510